1888888888888888888888888888888888888888888888888888888888888888888888888888888888888888888888888888
1118888888888888888888888888888888888888888888888888888888888888888888888888888888888888888888888888
8818888888888888888888888888888888888888888888888888888888888888888888888888888888888888888888888888
8818888888888888888888888888888888888888888888888888888888888888888888888888888888888888888888888888
8818888888888888888888888888888888888888888888888888888888888888888888888888888888888888888888888888
8818888888888888888888888888888888888888888888888888888888888888888888888888888888888888888888888888
8818888888888888888888888888888888888888888888888888888888888888888888888888888888888888888888888888
8818888888888888888888888888888888888888888888888888888888888888888888888888888888888888888888888888
8811888888888888888888888888888888888888888888888888888888888888888888888888888888888888888888888888
8881888888888888888888888888888888888888888888888888888888888888888888888888888888888888888888888888
8881888888888888888888888888888888888888888888888888888888888888888888888888888888888888888888888888
8881888888888888888888888888888888888888888888888888888888888888888888888888888888888888888888888888
8881888888888888888888888888888888888888888888888888888888888888888888888888888888888888888888888888
8881888888888888888888888888888888888888888888888888888888888888888888888888888888888888888888888888
8881888888888888888888888888888888888888888888888888888888888888888888888888888888888888888888888888
8881888888888888888888888888888888888888888888888888888888888888888888888888888888888888888888888888
8881888888888888888888888888888888888888888888888888888888888888888888888888888888888888888888888888
8881888888888888888888888888888888888888888888888888888888888888888888888888888888888888888888888888
8881118888888888888888888888888888888888888888888888888888888888888888888888888888888888888888888888
8888811888888888888888888888888888888888888888888888888888888888888888888888888888888888888888888888
8888881888888888888888888888888888888888888888888888888888888888888888888888888888888888888888888888
8888881888888888888888888888888888888888888888888888888888888888888888888888888888888888888888888888
8888881111888888888888888888888888888888888888888888888888888888888888888888888888888888888888888888
8888888881888888888888888888888888888888888888888888888888888888888888888888888888888888888888888888
8888888881188888888888888888888888888888888888888888888888888888888888888888888888888888888888888888
8888888888188888888888888888888888888888888888888888888888888888888888888888888888888888888888888888
8888888888188888888888888888888888888888888888888888888888888888888888888888888888888888888888888888
8888888888111888888888888888888888888888888888888888888888888888888888888888888888888888888888888888
8888888888881118888888888888888888888888888888888888888888888888888888888888888888888888888888888888
8888888888888818888888888888888888888888888888888888888888888888888888888888888888888888888888888888
8888888888888811188888888888888888888888888888888888888888888888888888888888888888888888888888888888
8888888888888888111111111888888888888888888888888888888888888888888888888888888888888888888888888888
8888888888888888888888881188888888888888888888888888888888888888888888888888888888888888888888888888
8888888888888888888888888111111111111111111111111111111111111111111111188888888888888888888888888888
8888888888888888888888888881888888888888888888888888888888888888888888188888888888888888888888888888
8888888888888888888888888881111118888888888888888888888888888888888888188888888888888888888888888888
8888888888888888888888888888888811111111888888888888888888888888888888188888888888888888888888888888
8888888888888888888888888888888888888881888888888888888888888888888888188888888888888888888888888888
8888888888888888888888888888888888888881188888888888888888888888888888188888888888888888888888888888
8888888888888888888888888888888888888888118888888888888888888888888888188888888888888888888888888888
8888888888888888888888888888888888888888811188888888888888888888888888188888888888888888888888888888
8888888888888888888888888888888888888888888111111888888888888888888888188888888888888888888888888888
8888888888888888888888888888888888888888888888881888888888888888888888188888888888888888888888888888
8888888888888888888888888888888888888888888888881111118888888888888888188888888888888888888888888888
8888888888888888888888888888888888888888888888888888811888888888888888188888888888888888888888888888
8888888888888888888888888888888888888888888888888888881118888888888888188888888888888888888888888888
8888888888888888888888888888888888888888888888888888888818888888888888188888888888888888888888888888
8888888888888888888888888888888888888888888888888888888818888888888888188888888888888888888888888888
8888888888888888888888888888888888888888888888888888888811888888888888188888888888888888888888888888
8888888888888888888888888888888888888888888888888888888881111888888888888888888888888888888888888888
8888888888888888888888888888888888888888888888888888888888881888888888888888888888888888888888888888
8888888888888888888888888888888888888888888888888888888888881888888888888888888888888888888888888888
8888888888888888888888888888888888888888888888888888888888881888888888888888888888888888888888888888
8888888888888888888888888888888888888888888888888888888888881188888888888888888888888888888888888888
8888888888888888888888888888888888888888888888888888888888888188888888888888888888888888888888888888
8888888888888888888888888888888888888888888888888888888888888118888888888888888888888888888888888888
8888888888888888888888888888888888888888888888888888888888888818888888888888888888888888888888888888
8888888888888888888888888888888888888888888888888888888888888818888888888888888888888888888888888888
8888888888888888888888888888888888888888888888888888888888888818888888888888888888888888888888888888
8888888888888888888888888888888888888888888888888888888888888818888888888888888888888888888888888888
8888888888888888888888888888888888888888888888888888888888888818888888888888888888888888888888888888
8888888888888888888888888888888888888888888888888888888888888818888888888888888888888888888888888888
8888888888888888888888888888888888888888888888888888888888888818888888888888888888888888888888888888
8888888888888888888888888888888888888888888888888888888888888818888888888888888888888888888888888888
8888888888888888888888888888888888888888888888888888888888888818888888888888888888888888888888888888
8888888888888888888888888888888888888888888888888888888888888811888888888888888888888888888888888888
8888888888888888888888888888888888888888888888888888888888888881888888888888888888888888888888888888
8888888888888888888888888888888888888888888888888888888888888881888888888888888888888888888888888888
8888888888888888888888888888888888888888888888888888888888888881888888888888888888888888888888888888
8888888888888888888888888888888888888888888888888888888888888881888888888888888888888888888888888888
8888888888888888888888888888888888888888888888888888888888888881188888888888888888888888888888888888
8888888888888888888888888888888888888888888888888888888888888888188888888888888888888888888888888888
8888888888888888888888888888888888888888888888888888888888888888188888888888888888888888888888888888
8888888888888888888888888888888888888888888888888888888888888888188888888888888888888888888888888888
8888888888888888888888888888888888888888888888888888888888888888188888888888888888888888888888888888
8888888888888888888888888888888888888888888888888888888888888888188888888888888888888888888888888888
8888888888888888888888888888888888888888888888888888888888888888188888888888888888888888888888888888
8888888888888888888888888888888888888888888888888888888888888888188888888888888888888888888888888888
8888888888888888888888888888888888888888888888888888888888888888188888888888888888888888888888888888
8888888888888888888888888888888888888888888888888888888888888888188888888888888888888888888888888888
8888888888888888888888888888888888888888888888888888888888888888188888888888888888888888888888888888
8888888888888888888888888888888888888888888888888888888888888888188888888888888888888888888888888888
8888888888888888888888888888888888888888888888888888888888888888188888888888888888888888888888888888
8888888888888888888888888888888888888888888888888888888888888888188888888888888888888888888888888888
8888888888888888888888888888888888888888888888888888888888888888188888888888888888888888888888888888
8888888888888888888888888888888888888888888888888888888888888888118888888888888888888888888888888888
8888888888888888888888888888888888888888888888888888888888888888811111188888888888888888888888888888
8888888888888888888888888888888888888888888888888888888888888888888888111111111111111188888888888888
8888888888888888888888888888888888888888888888888888888888888888888888888888888888888118888888888888
8888888888888888888888888888888888888888888888888888888888888888888888888888888888888811111188888888
8888888888888888888888888888888888888888888888888888888888888888888888888888888888888888888118888888
8888888888888888888888888888888888888888888888888888888888888888888888888888888888888888888818888888
8888888888888888888888888888888888888888888888888888888888888888888888888888888888888888888818888888
8888888888888888888888888888888888888888888888888888888888888888888888888888888888888888888818888888
8888888888888888888888888888888888888888888888888888888888888888888888888888888888888888888811188888
8888888888888888888888888888888888888888888888888888888888888888888888888888888888888888888818118888
8888888888888888888888888888888888888888888888888888888888888888888888888888888888888888888818818888
8888888888888888888888888888888888888888888888888888888888888888888888888888888888888888888818811188
8888888888888888888888888888888888888888888888888888888888888888888888888888888888888888888818888188
8888888888888888888888888888888888888888888888888888888888888888888888888888888888888888888811111111